32336092
36561197
29170383
36707653
5007168
33983174
10904752
29170339
27559982
34719410
30406369
36675429
32298290
10419525
31966895
36042799
6091143
33800546
27560086
29170202
31968602
29837073
29170269
32298508
31557253
35516590
20562090
6091133
18168725
6153457
35432051
28524859
29115649
4409294
29170230
5507059
33983177
29170288
30328363
37234255
10040080
12954782
5377698
28488522
8720756
20657724
24390475
34771761
33072684
7467588
34529498
30106592
36712795
4434268
36754491
36597060
25865374
34664173
27875662
32298284
36330051
37734444
33679227
10758012
11426168
34537018
32298282
35832647
27686294
37332556
20497581
16865644
7467776
33983178
17281551
36236507
34919225
16284059
6976215
18308552
9944056
29817780
35507462
29386241
5417161
32947623
33299649
15952700
12485407
6520256
31790030
27758997
16959665
34054869
36330050
13817975
13846586
35614237
19917421
32326493
